2
40 40
80

5
10 2 6 8 4
10

6
4 6 5 5 8 2
10

3
9 4 3
12

7
1 2 3 4 5 6 7
5

10
10 5 20 50 30 50 7 8 90 2 
55

3
4 5 4
9

1
1
1

0
0
0

2
0 0
0

3
0 1 1
2

3
0 1 1
2

3
5 1 2
7

4
40 500 700 900
1600

4
40 500 700 900
1600

6
1 600 800 900 1000 1599
1600

6
1 600 700 900 1000 1599
1600

10
1 1 2 4 9 5 4 3 90 10
7

2
5 2
7

8
10 5 2 1 6 3 1 50
8

3
9 6 5
11

5
6 5 10 20 35
55

9
5 5 5 5 5 5 5 5 5
10

8
2 5 1 3 99 2 7 5
104

8
1 2 3 4 5 6 7 8
4

6
1 600 800 900 1000 1599
1800

5
50 10 60 90 30
70

4
1 4 5 20
9

6
15 20 7 4 11 5
15

2
50 50
100

3
1 2 3
5

8
2 4 6 8 1 3 7 11
13